Alabama 4430141 4447100 4467634 4480089 4503491 4530729
Alaska 624779 626932 633714 642337 648414 659286
Arizona 5023823 5130632 5273477 5396255 5510364 5652404
Arkansas 2651860 2673400 2691571 2705927 2724816 2749686
California 33499204 33871648 34479458 34871843 35253159 35574576
Colorado 4226018 4301261 4425687 4490406 4528732 4575013
Connecticut 3386401 3405565 3432835 3458749 3484336 3496094
Delaware 774990 783600 795699 806169 818003 830803
District_of_Columbia 570213 572059 574504 573158 568502 567754
Florida 15759421 15982378 16356966 16689370 17004085 17415318
Georgia 8045965 8186453 8377038 8508256 8622793 8769252
Hawaii 1210300 1211537 1225948 1239613 1251154 1273569
Idaho 1275674 1293953 1319962 1340372 1363380 1391802
Illinois 12359020 12419293 12488445 12525556 12556006 12589773
Indiana 6044969 6080485 6127760 6155967 6196638 6233007
Iowa 2917634 2926324 2931997 2934234 2941999 2953635
Kansas 2678338 2688418 2702162 2713535 2723004 2734373
Kentucky 4018053 4041769 4068132 4089875 4117170 4146101
Louisiana 4460811 4468976 4477875 4497267 4521042 4552238
Maine 1266808 1274923 1285692 1295960 1306513 1313688
Maryland 5254509 5296486 5374691 5440389 5496269 5546935
Massachusetts 6317345 6349097 6397634 6417206 6422565 6412281
Michigan 9897116 9938444 9991120 10015710 10041152 10055315
Minnesota 4873481 4919479 4982796 5018935 5053572 5087713
Mississippi 2828408 2844658 2852994 2858681 2868312 2889010
Missouri 5561948 5595211 5641142 5674825 5709403 5747741
Montana 897507 902195 906961 911667 919630 930009
Nebraska 1704764 1711263 1719836 1728292 1738643 1749370
Nevada 1934718 1998257 2098399 2173791 2248850 2346222
New_Hampshire 1222014 1235786 1255517 1269089 1279840 1290121
New_Jersey 8359592 8414350 8492671 8552643 8601402 8634561
New_Mexico 1808082 1819046 1831690 1855309 1877574 1903808
New_York 18882725 18976457 19082838 19137800 19175939 19171567
North_Carolina 7949361 8049313 8210122 8326201 8422501 8553152
North_Dakota 644259 642200 639062 638168 638817 644705
Ohio 11335454 11353140 11387404 11407889 11434788 11452251
Oklahoma 3437147 3450654 3467100 3489080 3504892 3525233
Oregon 3393941 3421399 3467937 3513424 3547376 3569463
Pennsylvania 12263805 12281054 12298970 12331031 12374658 12410722
Rhode_Island 1040402 1048319 1057142 1065995 1071342 1074579
South_Carolina 3974682 4012012 4064995 4107795 4150297 4210921
South_Dakota 750412 754844 757972 760020 763729 770396
Tennessee 5638706 5689283 5750789 5795918 5847812 5910809
Texas 20558220 20851820 21319622 21690325 22030931 22394023
Utah 2203482 2233169 2283715 2324815 2360137 2401580
Vermont 604683 608827 612223 615442 617858 619920
Virginia 7000174 7078515 7198362 7286873 7366977 7475575
Washington 5842564 5894121 5985722 6052349 6104115 6178645
West_Virginia 1811799 1808344 1801481 1805414 1812295 1816438
Wisconsin 5332666 5363675 5406835 5445162 5479203 5514026
Wyoming 491780 493782 494657 500017 503453 509106
